5096 12982060
2758 3801903
6764 22872466
2369 2804896
624 194376
2738 3746953
9156 41911590
5522 15243481
6610 21842745
724 261726
3761 7070680
8070 32558415
9903 49029753
9214 42444291
2736 3741480
9133 41701278
1873 1753128
6596 21750310
759 287661
9865 48654180
115 6555
2569 3298596
5658 16003653
3689 6802516
2694 3627471
6628 21961878
8776 38504700
1584 1253736
71 2485
9638 46440703
6319 19961721
5848 17096628
7037 24756166
7519 28263921
8558 36615403
9090 41309505
5792 16770736
9354 43743981
7806 30462915
4899 11997651
4656 10836840
1001 500500
4476 10015050
7894 31153671
6535 21349845
759 287661
4554 10367181
7798 30400503
9598 46056003
6111 18669105
6507 21167271
2977 4429776
1553 1205128
8492 36052786
1845 1701090
9835 48358695
1925 1851850
7998 31980003
6937 24057516
940 441330
9685 46894770
9408 44250528
6788 23035078
4254 9046131
3371 5680135
1878 1762503
9520 45310440
2792 3896236
2185 2386020
3230 5214835
9096 41364060
1773 1570878
9032 40783996
7439 27665641
1684 1417086
5949 17692326
417 86736
1489 1107816
7014 24594591
2983 4447653
8960 40136320
6561 21520080
4070 8280415
1915 1832655
2677 3581826
2427 2943951
3115 4850055
5109 13048386
9426 44420025
9933 49327278
8487 36010341
566 159895
4619 10665271
5096 12982060
5014 12567591
49 1176
3307 5466471
2860 4088370
4230 8944335
9925 49247850
2599 3376101
7722 29810781
9666 46710945
4275 9135675
3777 7130976
3920 7681240
7165 25665030
3058 4674153
4317 9316086
5644 15924546
5093 12966778
5252 13789126
7198 25902003
2176 2366400
9999 49985001
9459 44731611
167 13861
8630 37234135
6118 18711903
5187 13449891
7998 31980003
1185 701520
9883 48831903
9404 44212906
6974 24314851
5784 16724436
8620 37147890
4368 9537528
7771 30190335
6659 22167811
4815 11589705
1761 1549680
8013 32100078
3920 7681240
1055 555985
8853 39183378
7707 29695071
2107 2218671
9339 43603791
350 61075
2582 3332071
6786 23021505
2568 3296028
2754 3790881
6428 20656378
7158 25614903
1286 826255
1735 1504245
1188 705078
9856 48565440
2636 3472930
8362 34957341
793 314028
5127 13140501
1355 917335
9946 49456485
5885 17313670
4699 11037951
7175 25736725
3140 4928230
4876 11885250
1942 1884711
1576 1241100
3488 6081328
1184 700336
6762 22858941
1498 1121253
4312 9294516
7980 31836210
802 321201
1826 1666225
5290 13989405
4822 11623431
4616 10651420
3821 7298110
8076 32606850
6270 19653315
8434 35561961
7155 25593435
3308 5469778
1262 795691
5755 16557135
3371 5680135
6829 23314206
9716 47195470
6124 18748626
2885 4160170
9916 49158570
2317 2683086
9295 43193865
7372 27169506
4871 11860885
3511 6161805
6265 19621980
8812 38821266
6681 22314540
885 391170
1923 1848003
1727 1490401
7486 28016355
8481 35959440
2832 4008696
1306 852165
6803 23137003
369 67896
5654 15981031
6545 21415240
5905 17431560
9970 49695465
5417 14669236
1783 1588653
3150 4959675
2880 4145760
1777 1577976
2243 2514403
7124 25372126
4069 8276346
2126 2258875
4753 11293128
2654 3520531
1561 1217580
6119 18718021
9225 42545700
945 446040
803 322003
1901 1805950
1296 839160
2843 4039903
6687 22354641
2124 2254626
1767 1560261
5321 14153860
1053 553878
7532 28361746
982 481671
2423 2934253
162 13041
2161 2333880
4445 9876790
3961 7842780
876 383250
2608 3399528
6570 21579165
609 185136
559 155961
4424 9783676
1718 1474903
7496 28091260
6489 21050316
3908 7634278
5904 17425656
1685 1418770
4249 9024876
2255 2541385
1333 887778
2395 2866815
7189 25837266
5845 17079090
7954 31629081
6522 21264981
8284 34308186
6774 22940151
7667 29387611
5559 15448461
6334 20056611
800 319600
7818 30556653
1785 1592220
2694 3627471
5289 13984116
7661 29341630
230 26335
9621 46277010
9290 43147405
5147 13243231
1916 1834570
3812 7263766
7654 29288031
5291 13994695
7812 30509766
1321 871860
6480 20991960
1439 1034641
3209 5147236
4847 11744281
7506 28166265
9660 46652970
1423 1011753
4532 10267246
828 342378
4461 9948030
4702 11052051
6943 24099153
1420 1007490
5615 15761305
372 69006
9673 46778628
7726 29841675
2648 3504628
3752 7036876
4275 9135675
6264 19615716
7691 29571895
5542 15354111
7449 27740076
3851 7413175
2754 3790881
1268 803278
92 4186
5177 13398076
500 124750
3795 7199115
9088 41291328
289 41616
6847 23437281
2804 3929806
2471 3051685
4019 8074171
2244 2516646
5847 17090781
2001 2001000
144 10296
6583 21664653
6715 22542255
7855 30846585
1289 830116
8860 39245370
9852 48526026
6687 22354641
6863 23546953
5558 15442903
5299 14037051
9435 44504895
9321 43435860
8792 38645236
6539 21375991
4043 8170903
3735 6973245
4494 10095771
7275 26459175
5286 13968255
8298 34424253
7874 30996001
2932 4296846
2960 4379320
8868 39316278
4424 9783676
6866 23567545
9143 41792653
6414 20566491
3767 7093261
7345 26970840
2308 2662278
4028 8110378
6393 20432028
5192 13475836
7559 28565461
2739 3749691
8281 34283340
4153 8621628
5363 14378203
4405 9699810
5354 14329981
7366 27125295
1464 1070916
5115 13079055
9388 44062578
8746 38241885
9930 49297485
397 78606
7296 26612160
9641 46469620
671 224785
5564 15476266
9923 49228003
9520 45310440
8146 33174585
148 10878
264 34716
4707 11075571
2488 3093828
9745 47477640
5110 13053495
1785 1592220
6693 22394778
11 55
6872 23608756
5207 13553821
5799 16811301
2112 2229216
100 4950
8898 39582753
5590 15621255
4277 9144226
6036 18213630
3857 7436296
3258 5305653
7079 25052581
3495 6105765
3848 7401628
7439 27665641
5722 16367781
5454 14870331
7459 27814611
3880 7525260
4291 9204195
2068 2137278
2268 2570778
2653 3517878
8509 36197286
5892 17354886
5909 17455186
5460 14903070
8597 36949906
5283 13952403
2395 2866815
4864 11826816
5188 13455078
4994 12467521
6007 18039021
3725 6935950
630 198135
4859 11802511
4855 11783085
223 24753
6297 19822956
2272 2579856
8912 39707416
8733 38128278
9302 43258951
2993 4477528
1269 804546
3325 5526150
1774 1572651
6308 19892278
8881 39431640
4103 8415253
6280 19716060
6521 21258460
3696 6828360
8280 34275060
8407 35334621
5773 16660878
166 13695
2530 3199185
8610 37061745
714 254541
9090 41309505
599 179101
5458 14892153
7314 26743641
9087 41282241
7786 30307005
8862 39263091
4985 12422620
2714 3681541
2615 3417805
3126 4884375
7897 31177356
487 118341
2082 2166321
8426 35494525
2587 3344991
6814 23211891
9763 47653203
1496 1118260
6136 18822180
8323 34632003
5684 16151086
6014 18081091
7730 29872585
8121 32971260
3500 6123250
8540 36461530
1705 1452660
2121 2248260
4995 12472515
4649 10804276
3379 5707131
5792 16770736
2639 3480841
520 134940
717 256686
1884 1773786
9660 46652970
3940 7759830
3145 4943940
5644 15924546
887 392941
3162 4997541
1142 651511
483 116403
3423 5856753
9083 41245903
9614 46209691
4676 10930150
8215 33739005
1474 1085601
4908 12041778
3134 4909411
1528 1166628
5394 14544921
3659 6692311
8151 33215325
1831 1675365
9942 49416711
2304 2653056
4676 10930150
7563 28595703
2763 3815703
727 263901
333 55278
3576 6392100
5555 15426235
4582 10495071
5836 17026530
9088 41291328
4542 10312611
9497 45091756
1024 523776
9146 41820085
8588 36872578
3558 6327903
9194 42260221
2676 3579150
1264 798216
8543 36487153
6517 21232386
1419 1006071
2612 3409966
995 494515
3499 6119751
9394 44118921
6558 21500403
2352 2764776
2657 3528496
707 249571
7321 26794860
4760 11326420
2812 3952266
3287 5400541
3327 5532801
9326 43482475
144 10296
9546 45558285
7324 26816826
194 18721
400 79800
366 66795
2474 3059101
5667 16054611
4929 12145056
4021 8082210
4904 12022156
5392 14534136
798 318003
8264 34142716
2337 2729616
4361 9506980
1008 507528
3287 5400541
284 40186
8649 37398276
4610 10623745
4853 11773378
8223 33804753
7093 25151778
7816 30541020
5913 17478828
2604 3389106
9389 44071966
6842 23403061
1560 1216020
8960 40136320
2442 2980461
5140 13207230
8997 40468506
8101 32809050
9779 47809531
7693 29587278
948 448878
2165 2342530
4340 9415630
4482 10041921
765 292230
919 421821
9709 47127486
6907 23849871
857 366796
463 106953
8489 36027316
534 142311
5495 15094765
3521 6196960
1871 1749385
2054 2108431
1263 796953
9820 48211290
5939 17632891
2069 2139346
6544 21408696
6731 22649815
8250 34027125
3786 7165005
6840 23389380
186 17205
2280 2598060
9958 49575903
4661 10860130
4901 12007450
5768 16632028
3417 5836236
3980 7918210
9112 41509716
127 8001
5480 15012460
5779 16695531
5723 16373503
2748 3774378
382 72771
4692 11005086
2923 4270503
8099 32792851
7146 25529085
4681 10953540
6173 19049878
8711 37936405
6911 23877505
2929 4288056
9840 48407880
242 29161
4754 11297881
6718 22562403
485 117370
109 5886
5209 13564236
9868 48683778
8574 36752451
8334 34723611
4534 10276311
6068 18407278
3715 6898755
6766 22885995
6639 22034841
9953 49526128
6156 18945090
5290 13989405
4171 8696535
4284 9174186
7945 31557540
5116 13084170
4107 8431671
7633 29127528
6434 20694961
1484 1100386
5566 15487395
2636 3472930
6154 18932781
820 335790
8045 32356990
1609 1293636
2290 2620905
2099 2201851
2671 3565785
1428 1018878
6771 22919835
6629 21968506
9375 43940625
1431 1023165
856 365940
15 105
369 67896
5694 16207971
2998 4492503
931 432915
2305 2655360
3510 6158295
1980 1959210
1990 1979055
8172 33386706
8759 38355661
9158 41929903
8732 38119546
930 431985
1433 1026028
1418 1004653
6322 19980681
9532 45424746
9959 49585861
1601 1280800
2105 2214460
727 263901
5372 14426506
5253 13794378
1173 687378
3442 5921961
8512 36222816
6655 22141185
8935 39912645
2480 3073960
1962 1923741
4570 10440165
9649 46546776
6100 18601950
2659 3533811
6513 21206328
6056 18334540
975 474825
7678 29472003
9728 47312128
2646 3499335
3990 7958055
4966 12328095
1525 1162050
5923 17538003
5118 13094403
64 2016
8339 34765291
1976 1951300
1928 1857628
8951 40055725
3977 7906276
4391 9638245
3943 7771653
7704 29671956
7262 26364691
9601 46084800
6078 18468003
8530 36376185
5606 15710815
4939 12194391
7475 27934075
551 151525
8757 38338146
3139 4925091
4513 10181328
3743 7003153
5164 13330866
7609 28944636
6735 22676745
7046 24819535
3246 5266635
8846 39121435
1260 793170
2016 2031120
1993 1985028
5795 16788115
4424 9783676
4804 11536806
4140 8567730
2406 2893215
423 89253
9636 46421430
4882 11914521
9842 48427561
4722 11146281
8181 33460290
5680 16128360
3216 5169720
1500 1124250
7669 29402946
9184 42168336
7801 30423900
9867 48673911
4626 10697625
4080 8321160
8120 32963140
4674 10920801
609 185136
4579 10481331
8505 36163260
1809 1635336
7425 27561600
5077 12885426
1144 653796
5530 15287685
725 262450
4263 9084453
2935 4305645
9351 43715925
7678 29472003
973 472878
1218 741153
4237 8973966
1499 1122751
1705 1452660
23 253
3912 7649916
7585 28762320
8688 37736328
3589 6438666
2436 2965830
1566 1225395
614 188191
3101 4806550
8649 37398276
1051 551775
5857 17149296
3424 5860176
312 48516
4085 8341570
4781 11426590
9590 45979255
7322 26802181
7474 27926601
7176 25743900
7195 25880415
7016 24608620
3790 7180155
6836 23362030
4340 9415630
207 21321
7884 31074786
6136 18822180
306 46665
9916 49158570
87 3741
3849 7405476
6541 21389070
1640 1343980
615 188805
1562 1219141
1679 1408681
5056 12779040
7059 24911211
5658 16003653
8731 38110815
1329 882456
9084 41254986
3391 5747745
9733 47360778
9393 44109528
2039 2077741
302 45451
4714 11108541
6128 18773128
5029 12642906
5318 14137903
9671 46759285
9810 48113145
2471 3051685
55 1485
2837 4022866
1032 531996
5201 13522600
6899 23794651
1380 951510
1203 723003
9697 47011056
209 21736
6513 21206328
8216 33747220
6763 22865703
6845 23423590
6538 21369453
402 80601
8137 33101316
1156 667590
5285 13962970
5244 13747146
7435 27635895
1878 1762503
5724 16379226
4566 10421895
3681 6773040
6409 20534436
8495 36078265
5259 13825911
244 29646
1465 1072380
159 12561
4026 8102325
3851 7413175
877 384126
2200 2418900
8510 36205795
4548 10339878
1199 718201
9817 48181836
7722 29810781
6651 22114575
9292 43165986
2309 2664586
1208 729028
5101 13007550
3249 5276376
4592 10540936
1903 1809753
7418 27509653
44 946
7898 31185253
8854 39192231
9684 46885086
6811 23191455
2280 2598060
913 416328
3787 7168791
9134 41710411
9259 42859911
7989 31908066
1265 799480
4155 8629935
2301 2646150
4884 11924286
8670 37580115
9384 44025036
2457 3017196
9073 41155128
9944 49436596
1958 1915903
2977 4429776
4256 9054640
3426 5867025
7083 25080903
9088 41291328
807 325221
384 73536
1584 1253736
2699 3640951
9417 44335236
7234 26161761
4049 8195176
3131 4900015
1666 1386945
1821 1657110
7297 26619456
2141 2290870
9856 48565440
423 89253
6838 23375703
1967 1933561
6185 19124020
878 385003
6420 20604990
7097 25180156
5600 15677200
926 428275
7575 28686525
2551 3252525
6511 21193305
2708 3665278
350 61075
4599 10573101
4558 10385403
145 10440
6595 21743715
862 371091
9940 49396830
309 47586
6825 23286900
4449 9894576
3716 6902470
4287 9187041
6320 19968040
3583 6417153
6303 19860753
4709 11084986
3101 4806550
8012 32092066
3282 5384121
9166 42003195
7421 27531910
2177 2368576
7995 31956015
4286 9182755
5978 17865253
2998 4492503
3645 6641190
692 239086
1596 1272810
6175 19062225
4683 10962903
3724 6932226
1275 812175
9472 44854656
8559 36623961
3623 6561253
4783 11436153
8720 38014840
1024 523776
9742 47448411
8788 38610078
7272 26437356
4748 11269378
4458 9934653
5759 16580161
4904 12022156
4049 8195176
260 33670
3567 6359961
4796 11498410
5822 16944931
5141 13212370
8477 35925526
4685 10972270
7841 30736720
7394 27331921
6307 19885971
1561 1217580
2258 2548153
